Gesamtabstand: 0.000 Meter
Platzierung der Dreiecke:
D1 200.015 35.042 235.000 0.027 300.000 0.000
D2 111.000 171.000 81.000 206.000 11.000 206.000
D3 10.000 38.000 46.000 171.000 11.000 206.000
D4 10.000 38.000 46.000 0.000 46.000 171.000
D5 213.250 30.404 271.827 58.577 300.000 0.000
D6 250.279 160.477 238.703 127.447 300.000 0.000
D7 111.000 0.000 146.000 36.000 46.000 171.000
D8 46.000 0.000 111.000 0.000 46.000 171.000
D9 177.000 196.000 211.000 0.000 217.000 59.000
D10 291.575 190.864 300.000 0.000 243.118 183.590
D11 291.243 198.402 300.000 0.000 311.139 142.285
D12 315.219 194.405 300.000 0.000 360.082 190.893
D13 397.000 195.000 397.000 0.000 352.000 0.000
D14 300.000 0.000 359.529 189.136 372.779 148.082
D15 394.918 136.186 300.000 0.000 387.459 177.952
D16 380.864 116.022 398.443 17.579 300.000 0.000
D17 300.000 0.000 496.000 35.000 460.000 -0.000
D18 650.000 196.000 685.000 166.000 685.000 0.000
D19 780.000 166.000 650.000 196.000 685.000 166.000
D20 685.000 114.000 780.000 84.000 685.000 84.000
D21 561.000 196.000 561.000 101.000 596.000 66.000
D22 561.000 196.000 596.000 161.000 596.000 66.000
D23 596.000 66.000 596.000 0.000 526.000 66.000
