Gesamtabstand: 769.468 Meter
Platzierung der Dreiecke:
D4 4.494 62.010 0.000 0.044 102.956 0.000
D7 43.435 94.124 26.895 47.902 102.956 0.000
D1 44.680 92.156 102.956 0.000 89.426 56.453
D12 102.956 0.000 134.713 69.112 81.643 88.926
D8 146.234 0.000 152.843 20.033 102.956 0.000
D13 135.569 70.975 102.956 0.000 182.676 32.013
D25 218.418 39.326 190.617 38.990 146.234 0.000
D15 210.188 0.012 214.824 37.369 146.234 0.000
D27 210.200 0.000 253.800 0.019 245.670 25.979
D5 283.831 53.930 236.344 59.837 210.200 0.000
D34 210.200 0.000 291.793 186.750 235.426 120.721
D21 350.466 57.789 290.789 66.432 253.820 0.000
D18 339.758 51.387 253.820 0.000 325.129 0.016
D37 366.358 62.622 373.306 109.916 325.145 0.000
D10 382.743 37.032 383.080 88.031 325.145 0.000
D6 374.836 31.949 325.145 0.000 423.231 0.216
D29 392.542 67.749 423.447 0.000 418.690 111.899
D20 423.447 0.000 473.272 68.895 419.254 98.628
D32 500.603 0.018 469.534 63.726 423.447 0.000
D16 500.620 0.000 487.649 92.438 461.798 97.800
D17 500.620 0.000 511.065 71.105 487.510 93.424
D14 500.620 0.000 567.366 29.069 511.201 72.028
D30 544.446 19.087 500.620 0.000 571.684 0.032
D24 571.715 0.000 605.331 111.279 555.257 109.996
D23 571.715 0.000 627.421 39.203 602.101 100.587
D36 646.722 0.268 631.161 41.836 571.715 0.000
D19 660.964 90.165 624.047 61.283 646.990 0.000
D11 660.180 85.106 646.990 0.000 681.538 41.187
D9 721.996 0.263 692.090 53.767 646.990 0.000
D2 722.259 0.000 747.741 103.309 681.109 73.339
D26 722.259 0.000 745.562 94.477 795.450 35.653
D31 799.316 0.479 794.739 35.307 722.259 0.000
D35 836.794 55.236 790.632 75.187 799.795 0.000
D33 869.929 2.496 836.378 54.614 799.795 0.000
D3 823.889 75.242 872.424 0.000 870.851 80.589
D22 933.676 55.011 870.823 82.021 872.424 0.000
D28 928.000 20.032 897.055 22.121 872.424 0.000
