Gesamtabstand: 92.418 Meter
Platzierung der Dreiecke:
D12 0.000 79.899 283.332 0.000 82.843 0.187
D4 23.679 73.222 283.332 0.000 83.931 119.034
D9 283.332 0.000 150.143 79.508 109.056 181.669
D11 191.283 185.410 132.924 156.788 283.332 0.000
D6 283.332 0.000 269.111 200.718 198.478 170.918
D1 331.106 183.896 269.162 199.988 283.332 0.000
D10 283.332 0.000 372.300 84.201 309.376 100.248
D8 375.750 0.000 333.615 47.588 283.332 0.000
D2 375.750 190.066 375.750 0.000 475.294 239.864
D5 508.613 150.573 375.750 0.000 448.578 175.488
D7 509.889 5.153 375.750 0.000 478.618 61.563
D3 375.750 0.000 513.044 82.166 495.431 135.634
